structure-file: "skyblock_island.schem"
spawn:
  x: -5.479738979868349
  y: 99.0
  z: 0.496972790846761
  pitch: -0.57731247
  yaw: -89.2724